(kicad_pcb (version 20171130) (host pcbnew "(5.0.0)")

  (general
    (thickness 1.6)
    (drawings 4)
    (tracks 0)
    (zones 0)
    (modules 159)
    (nets 112)
  )

  (page A4)
  (layers
    (0 F.Cu signal)
    (31 B.Cu signal)
    (32 B.Adhes user)
    (33 F.Adhes user)
    (34 B.Paste user)
    (35 F.Paste user)
    (36 B.SilkS user)
    (37 F.SilkS user)
    (38 B.Mask user)
    (39 F.Mask user)
    (40 Dwgs.User user)
    (41 Cmts.User user)
    (42 Eco1.User user)
    (43 Eco2.User user)
    (44 Edge.Cuts user)
    (45 Margin user hide)
    (46 B.CrtYd user)
    (47 F.CrtYd user)
    (48 B.Fab user)
    (49 F.Fab user)
  )

  (setup
    (last_trace_width 0.25)
    (trace_clearance 0.2)
    (zone_clearance 0.508)
    (zone_45_only no)
    (trace_min 0.2)
    (segment_width 0.2)
    (edge_width 0.05)
    (via_size 0.8)
    (via_drill 0.4)
    (via_min_size 0.4)
    (via_min_drill 0.3)
    (uvia_size 0.3)
    (uvia_drill 0.1)
    (uvias_allowed no)
    (uvia_min_size 0.2)
    (uvia_min_drill 0.1)
    (pcb_text_width 0.3)
    (pcb_text_size 1.5 1.5)
    (mod_edge_width 0.12)
    (mod_text_size 1 1)
    (mod_text_width 0.15)
    (pad_size 1.524 1.524)
    (pad_drill 0.762)
    (pad_to_mask_clearance 0.05)
    (aux_axis_origin 0 0)
    (grid_origin 25.4 139.7)
    (visible_elements 7EFFFFFF)
    (pcbplotparams
      (layerselection 0x010fc_ffffffff)
      (usegerberextensions false)
      (usegerberattributes true)
      (usegerberadvancedattributes true)
      (creategerberjobfile true)
      (excludeedgelayer true)
      (linewidth 0.100000)
      (plotframeref false)
      (viasonmask false)
      (mode 1)
      (useauxorigin false)
      (hpglpennumber 1)
      (hpglpenspeed 20)
      (hpglpendiameter 15.000000)
      (psnegative false)
      (psa4output false)
      (plotreference true)
      (plotvalue true)
      (plotinvisibletext false)
      (padsonsilk false)
      (subtractmaskfromsilk false)
      (outputformat 1)
      (mirror false)
      (drillshape 1)
      (scaleselection 1)
      (outputdirectory ""))
  )

  (net 0 "")
  (net 1 +5V)
  (net 2 /Spare/X2_DIAG)
  (net 3 GND)
  (net 4 /Spare/DIAG_1_SPARE)
  (net 5 "Net-(U1-Pad10)")
  (net 6 "Net-(U1-Pad11)")
  (net 7 +3V3)
  (net 8 "Net-(J6-Pad1)")
  (net 9 "Net-(R47-Pad2)")
  (net 10 "Net-(J6-Pad2)")
  (net 11 +VDC)
  (net 12 "Net-(R45-Pad2)")
  (net 13 "Net-(C29-Pad2)")
  (net 14 "Net-(C35-Pad1)")
  (net 15 "Net-(C35-Pad2)")
  (net 16 "Net-(C33-Pad2)")
  (net 17 "Net-(J6-Pad3)")
  (net 18 "Net-(R43-Pad2)")
  (net 19 "Net-(J6-Pad4)")
  (net 20 "Net-(J8-Pad1)")
  (net 21 "Net-(J7-Pad1)")
  (net 22 "Net-(R48-Pad2)")
  (net 23 "Net-(J7-Pad2)")
  (net 24 "Net-(R46-Pad2)")
  (net 25 "Net-(C30-Pad2)")
  (net 26 "Net-(C36-Pad1)")
  (net 27 "Net-(C36-Pad2)")
  (net 28 "Net-(C34-Pad2)")
  (net 29 "Net-(J7-Pad3)")
  (net 30 "Net-(R44-Pad2)")
  (net 31 "Net-(J7-Pad4)")
  (net 32 "Net-(J9-Pad1)")
  (net 33 "Net-(J11-Pad1)")
  (net 34 "Net-(J10-Pad4)")
  (net 35 "Net-(R53-Pad2)")
  (net 36 "Net-(J10-Pad3)")
  (net 37 "Net-(C40-Pad2)")
  (net 38 "Net-(C51-Pad2)")
  (net 39 "Net-(C51-Pad1)")
  (net 40 "Net-(C38-Pad2)")
  (net 41 "Net-(R54-Pad2)")
  (net 42 "Net-(J10-Pad2)")
  (net 43 "Net-(R55-Pad2)")
  (net 44 "Net-(J10-Pad1)")
  (net 45 "Net-(D14-Pad1)")
  (net 46 "Net-(D13-Pad2)")
  (net 47 "Net-(D13-Pad1)")
  (net 48 "Net-(R62-Pad2)")
  (net 49 "Net-(C58-Pad2)")
  (net 50 "Net-(C65-Pad1)")
  (net 51 "Net-(C65-Pad2)")
  (net 52 "Net-(C60-Pad2)")
  (net 53 "Net-(D12-Pad1)")
  (net 54 "Net-(D11-Pad2)")
  (net 55 "Net-(D11-Pad1)")
  (net 56 "Net-(J14-Pad1)")
  (net 57 "Net-(J15-Pad1)")
  (net 58 "Net-(J13-Pad4)")
  (net 59 "Net-(R64-Pad2)")
  (net 60 "Net-(J13-Pad3)")
  (net 61 "Net-(C64-Pad2)")
  (net 62 "Net-(C66-Pad2)")
  (net 63 "Net-(C66-Pad1)")
  (net 64 "Net-(C62-Pad2)")
  (net 65 "Net-(R66-Pad2)")
  (net 66 "Net-(J13-Pad2)")
  (net 67 "Net-(R69-Pad2)")
  (net 68 "Net-(J13-Pad1)")
  (net 69 DIAG_0_SPARE)
  (net 70 /Drivers/SCK_SPI)
  (net 71 /Drivers/SDI_SPI)
  (net 72 /Drivers/SDO_SPI)
  (net 73 "Net-(C14-Pad1)")
  (net 74 "Net-(C15-Pad1)")
  (net 75 "Net-(C16-Pad1)")
  (net 76 "Net-(C17-Pad1)")
  (net 77 "Net-(C18-Pad1)")
  (net 78 "Net-(C19-Pad1)")
  (net 79 "Net-(C20-Pad1)")
  (net 80 /peripherals/P_0_I)
  (net 81 /peripherals/P_1_I)
  (net 82 /peripherals/P_2_I)
  (net 83 "Net-(C24-Pad1)")
  (net 84 /peripherals/P_3_I)
  (net 85 "Net-(D3-Pad2)")
  (net 86 "Net-(D4-Pad2)")
  (net 87 "Net-(D5-Pad2)")
  (net 88 "Net-(D10-Pad1)")
  (net 89 "Net-(D7-Pad2)")
  (net 90 "Net-(D8-Pad2)")
  (net 91 "Net-(D9-Pad2)")
  (net 92 "Net-(D10-Pad2)")
  (net 93 /peripherals/P_0_SENSE)
  (net 94 "Net-(Q2-Pad3)")
  (net 95 "Net-(Q3-Pad3)")
  (net 96 "Net-(Q4-Pad3)")
  (net 97 "Net-(R26-Pad2)")
  (net 98 "Net-(R27-Pad2)")
  (net 99 "Net-(R28-Pad2)")
  (net 100 "Net-(R29-Pad1)")
  (net 101 "Net-(R30-Pad1)")
  (net 102 "Net-(R31-Pad1)")
  (net 103 "Net-(R36-Pad2)")
  (net 104 "Net-(R37-Pad1)")
  (net 105 /Drivers/Y_4)
  (net 106 /Drivers/X_4)
  (net 107 /Drivers/Z_4)
  (net 108 /Drivers/DIR_Y)
  (net 109 /Drivers/X_0)
  (net 110 /Drivers/STEP_X)
  (net 111 /Drivers/EN_X)

  (net_class Default "This is the default net class."
    (clearance 0.2)
    (trace_width 0.25)
    (via_dia 0.8)
    (via_drill 0.4)
    (uvia_dia 0.3)
    (uvia_drill 0.1)
    (add_net +3V3)
    (add_net +5V)
    (add_net +VDC)
    (add_net /Drivers/DIR_Y)
    (add_net /Drivers/EN_X)
    (add_net /Drivers/SCK_SPI)
    (add_net /Drivers/SDI_SPI)
    (add_net /Drivers/SDO_SPI)
    (add_net /Drivers/STEP_X)
    (add_net /Drivers/X_0)
    (add_net /Drivers/X_4)
    (add_net /Drivers/Y_4)
    (add_net /Drivers/Z_4)
    (add_net /Spare/DIAG_1_SPARE)
    (add_net /Spare/X2_DIAG)
    (add_net /peripherals/P_0_I)
    (add_net /peripherals/P_0_SENSE)
    (add_net /peripherals/P_1_I)
    (add_net /peripherals/P_2_I)
    (add_net /peripherals/P_3_I)
    (add_net DIAG_0_SPARE)
    (add_net GND)
    (add_net "Net-(C14-Pad1)")
    (add_net "Net-(C15-Pad1)")
    (add_net "Net-(C16-Pad1)")
    (add_net "Net-(C17-Pad1)")
    (add_net "Net-(C18-Pad1)")
    (add_net "Net-(C19-Pad1)")
    (add_net "Net-(C20-Pad1)")
    (add_net "Net-(C24-Pad1)")
    (add_net "Net-(C29-Pad2)")
    (add_net "Net-(C30-Pad2)")
    (add_net "Net-(C33-Pad2)")
    (add_net "Net-(C34-Pad2)")
    (add_net "Net-(C35-Pad1)")
    (add_net "Net-(C35-Pad2)")
    (add_net "Net-(C36-Pad1)")
    (add_net "Net-(C36-Pad2)")
    (add_net "Net-(C38-Pad2)")
    (add_net "Net-(C40-Pad2)")
    (add_net "Net-(C51-Pad1)")
    (add_net "Net-(C51-Pad2)")
    (add_net "Net-(C58-Pad2)")
    (add_net "Net-(C60-Pad2)")
    (add_net "Net-(C62-Pad2)")
    (add_net "Net-(C64-Pad2)")
    (add_net "Net-(C65-Pad1)")
    (add_net "Net-(C65-Pad2)")
    (add_net "Net-(C66-Pad1)")
    (add_net "Net-(C66-Pad2)")
    (add_net "Net-(D10-Pad1)")
    (add_net "Net-(D10-Pad2)")
    (add_net "Net-(D11-Pad1)")
    (add_net "Net-(D11-Pad2)")
    (add_net "Net-(D12-Pad1)")
    (add_net "Net-(D13-Pad1)")
    (add_net "Net-(D13-Pad2)")
    (add_net "Net-(D14-Pad1)")
    (add_net "Net-(D3-Pad2)")
    (add_net "Net-(D4-Pad2)")
    (add_net "Net-(D5-Pad2)")
    (add_net "Net-(D7-Pad2)")
    (add_net "Net-(D8-Pad2)")
    (add_net "Net-(D9-Pad2)")
    (add_net "Net-(J10-Pad1)")
    (add_net "Net-(J10-Pad2)")
    (add_net "Net-(J10-Pad3)")
    (add_net "Net-(J10-Pad4)")
    (add_net "Net-(J11-Pad1)")
    (add_net "Net-(J13-Pad1)")
    (add_net "Net-(J13-Pad2)")
    (add_net "Net-(J13-Pad3)")
    (add_net "Net-(J13-Pad4)")
    (add_net "Net-(J14-Pad1)")
    (add_net "Net-(J15-Pad1)")
    (add_net "Net-(J6-Pad1)")
    (add_net "Net-(J6-Pad2)")
    (add_net "Net-(J6-Pad3)")
    (add_net "Net-(J6-Pad4)")
    (add_net "Net-(J7-Pad1)")
    (add_net "Net-(J7-Pad2)")
    (add_net "Net-(J7-Pad3)")
    (add_net "Net-(J7-Pad4)")
    (add_net "Net-(J8-Pad1)")
    (add_net "Net-(J9-Pad1)")
    (add_net "Net-(Q2-Pad3)")
    (add_net "Net-(Q3-Pad3)")
    (add_net "Net-(Q4-Pad3)")
    (add_net "Net-(R26-Pad2)")
    (add_net "Net-(R27-Pad2)")
    (add_net "Net-(R28-Pad2)")
    (add_net "Net-(R29-Pad1)")
    (add_net "Net-(R30-Pad1)")
    (add_net "Net-(R31-Pad1)")
    (add_net "Net-(R36-Pad2)")
    (add_net "Net-(R37-Pad1)")
    (add_net "Net-(R43-Pad2)")
    (add_net "Net-(R44-Pad2)")
    (add_net "Net-(R45-Pad2)")
    (add_net "Net-(R46-Pad2)")
    (add_net "Net-(R47-Pad2)")
    (add_net "Net-(R48-Pad2)")
    (add_net "Net-(R53-Pad2)")
    (add_net "Net-(R54-Pad2)")
    (add_net "Net-(R55-Pad2)")
    (add_net "Net-(R62-Pad2)")
    (add_net "Net-(R64-Pad2)")
    (add_net "Net-(R66-Pad2)")
    (add_net "Net-(R69-Pad2)")
    (add_net "Net-(U1-Pad10)")
    (add_net "Net-(U1-Pad11)")
  )

  (module Resistor_SMD:R_0805_2012Metric_Pad1.15x1.40mm_HandSolder (layer F.Cu) (tedit 5B36C52B) (tstamp 5FF24888)
    (at 111.095001 -45.034999)
    (descr "Resistor SMD 0805 (2012 Metric), square (rectangular) end terminal, IPC_7351 nominal with elongated pad for handsoldering. (Body size source: https://docs.google.com/spreadsheets/d/1BsfQQcO9C6DZCsRaXUlFlo91Tg2WpOkGARC1WS5S8t0/edit?usp=sharing), generated with kicad-footprint-generator")
    (tags "resistor handsolder")
    (path /5FF92876/600587C6)
    (attr smd)
    (fp_text reference R41 (at 0 -1.65) (layer F.SilkS)
      (effects (font (size 1 1) (thickness 0.15)))
    )
    (fp_text value R (at 0 1.65) (layer F.Fab)
      (effects (font (size 1 1) (thickness 0.15)))
    )
    (fp_line (start 1.85 0.95) (end -1.85 0.95) (layer F.CrtYd) (width 0.05))
    (fp_line (start 1.85 -0.95) (end 1.85 0.95) (layer F.CrtYd) (width 0.05))
    (fp_line (start -1.85 -0.95) (end 1.85 -0.95) (layer F.CrtYd) (width 0.05))
    (fp_line (start -1.85 0.95) (end -1.85 -0.95) (layer F.CrtYd) (width 0.05))
    (fp_line (start -0.261252 0.71) (end 0.261252 0.71) (layer F.SilkS) (width 0.12))
    (fp_line (start -0.261252 -0.71) (end 0.261252 -0.71) (layer F.SilkS) (width 0.12))
    (fp_line (start 1 0.6) (end -1 0.6) (layer F.Fab) (width 0.1))
    (fp_line (start 1 -0.6) (end 1 0.6) (layer F.Fab) (width 0.1))
    (fp_line (start -1 -0.6) (end 1 -0.6) (layer F.Fab) (width 0.1))
    (fp_line (start -1 0.6) (end -1 -0.6) (layer F.Fab) (width 0.1))
    (fp_text user %R (at 0 0) (layer F.Fab)
      (effects (font (size 0.5 0.5) (thickness 0.08)))
    )
    (pad 1 smd roundrect (at -1.025 0) (size 1.15 1.4) (layers F.Cu F.Paste F.Mask) (roundrect_rratio 0.217391)
      (net 1 +5V))
    (pad 2 smd roundrect (at 1.025 0) (size 1.15 1.4) (layers F.Cu F.Paste F.Mask) (roundrect_rratio 0.217391)
      (net 105 /Drivers/Y_4))
    (model ${KISYS3DMOD}/Resistor_SMD.3dshapes/R_0805_2012Metric.wrl
      (at (xyz 0 0 0))
      (scale (xyz 1 1 1))
      (rotate (xyz 0 0 0))
    )
  )

  (module Resistor_SMD:R_0805_2012Metric_Pad1.15x1.40mm_HandSolder (layer F.Cu) (tedit 5B36C52B) (tstamp 5FF24899)
    (at 115.845001 -45.034999)
    (descr "Resistor SMD 0805 (2012 Metric), square (rectangular) end terminal, IPC_7351 nominal with elongated pad for handsoldering. (Body size source: https://docs.google.com/spreadsheets/d/1BsfQQcO9C6DZCsRaXUlFlo91Tg2WpOkGARC1WS5S8t0/edit?usp=sharing), generated with kicad-footprint-generator")
    (tags "resistor handsolder")
    (path /5FF92876/5FF98E0F)
    (attr smd)
    (fp_text reference R42 (at 0 -1.65) (layer F.SilkS)
      (effects (font (size 1 1) (thickness 0.15)))
    )
    (fp_text value R (at 0 1.65) (layer F.Fab)
      (effects (font (size 1 1) (thickness 0.15)))
    )
    (fp_line (start 1.85 0.95) (end -1.85 0.95) (layer F.CrtYd) (width 0.05))
    (fp_line (start 1.85 -0.95) (end 1.85 0.95) (layer F.CrtYd) (width 0.05))
    (fp_line (start -1.85 -0.95) (end 1.85 -0.95) (layer F.CrtYd) (width 0.05))
    (fp_line (start -1.85 0.95) (end -1.85 -0.95) (layer F.CrtYd) (width 0.05))
    (fp_line (start -0.261252 0.71) (end 0.261252 0.71) (layer F.SilkS) (width 0.12))
    (fp_line (start -0.261252 -0.71) (end 0.261252 -0.71) (layer F.SilkS) (width 0.12))
    (fp_line (start 1 0.6) (end -1 0.6) (layer F.Fab) (width 0.1))
    (fp_line (start 1 -0.6) (end 1 0.6) (layer F.Fab) (width 0.1))
    (fp_line (start -1 -0.6) (end 1 -0.6) (layer F.Fab) (width 0.1))
    (fp_line (start -1 0.6) (end -1 -0.6) (layer F.Fab) (width 0.1))
    (fp_text user %R (at 0 0) (layer F.Fab)
      (effects (font (size 0.5 0.5) (thickness 0.08)))
    )
    (pad 1 smd roundrect (at -1.025 0) (size 1.15 1.4) (layers F.Cu F.Paste F.Mask) (roundrect_rratio 0.217391)
      (net 1 +5V))
    (pad 2 smd roundrect (at 1.025 0) (size 1.15 1.4) (layers F.Cu F.Paste F.Mask) (roundrect_rratio 0.217391)
      (net 106 /Drivers/X_4))
    (model ${KISYS3DMOD}/Resistor_SMD.3dshapes/R_0805_2012Metric.wrl
      (at (xyz 0 0 0))
      (scale (xyz 1 1 1))
      (rotate (xyz 0 0 0))
    )
  )

  (module Resistor_SMD:R_0805_2012Metric_Pad1.15x1.40mm_HandSolder (layer F.Cu) (tedit 5B36C52B) (tstamp 5FF248AA)
    (at 120.595001 -45.034999)
    (descr "Resistor SMD 0805 (2012 Metric), square (rectangular) end terminal, IPC_7351 nominal with elongated pad for handsoldering. (Body size source: https://docs.google.com/spreadsheets/d/1BsfQQcO9C6DZCsRaXUlFlo91Tg2WpOkGARC1WS5S8t0/edit?usp=sharing), generated with kicad-footprint-generator")
    (tags "resistor handsolder")
    (path /5FF92876/600BAB94)
    (attr smd)
    (fp_text reference R52 (at 0 -1.65) (layer F.SilkS)
      (effects (font (size 1 1) (thickness 0.15)))
    )
    (fp_text value R (at 0 1.65) (layer F.Fab)
      (effects (font (size 1 1) (thickness 0.15)))
    )
    (fp_text user %R (at 0 0) (layer F.Fab)
      (effects (font (size 0.5 0.5) (thickness 0.08)))
    )
    (fp_line (start -1 0.6) (end -1 -0.6) (layer F.Fab) (width 0.1))
    (fp_line (start -1 -0.6) (end 1 -0.6) (layer F.Fab) (width 0.1))
    (fp_line (start 1 -0.6) (end 1 0.6) (layer F.Fab) (width 0.1))
    (fp_line (start 1 0.6) (end -1 0.6) (layer F.Fab) (width 0.1))
    (fp_line (start -0.261252 -0.71) (end 0.261252 -0.71) (layer F.SilkS) (width 0.12))
    (fp_line (start -0.261252 0.71) (end 0.261252 0.71) (layer F.SilkS) (width 0.12))
    (fp_line (start -1.85 0.95) (end -1.85 -0.95) (layer F.CrtYd) (width 0.05))
    (fp_line (start -1.85 -0.95) (end 1.85 -0.95) (layer F.CrtYd) (width 0.05))
    (fp_line (start 1.85 -0.95) (end 1.85 0.95) (layer F.CrtYd) (width 0.05))
    (fp_line (start 1.85 0.95) (end -1.85 0.95) (layer F.CrtYd) (width 0.05))
    (pad 2 smd roundrect (at 1.025 0) (size 1.15 1.4) (layers F.Cu F.Paste F.Mask) (roundrect_rratio 0.217391)
      (net 107 /Drivers/Z_4))
    (pad 1 smd roundrect (at -1.025 0) (size 1.15 1.4) (layers F.Cu F.Paste F.Mask) (roundrect_rratio 0.217391)
      (net 1 +5V))
    (model ${KISYS3DMOD}/Resistor_SMD.3dshapes/R_0805_2012Metric.wrl
      (at (xyz 0 0 0))
      (scale (xyz 1 1 1))
      (rotate (xyz 0 0 0))
    )
  )

  (module Resistor_SMD:R_0805_2012Metric_Pad1.15x1.40mm_HandSolder (layer F.Cu) (tedit 5B36C52B) (tstamp 5FF248BB)
    (at 149.935001 -68.204999)
    (descr "Resistor SMD 0805 (2012 Metric), square (rectangular) end terminal, IPC_7351 nominal with elongated pad for handsoldering. (Body size source: https://docs.google.com/spreadsheets/d/1BsfQQcO9C6DZCsRaXUlFlo91Tg2WpOkGARC1WS5S8t0/edit?usp=sharing), generated with kicad-footprint-generator")
    (tags "resistor handsolder")
    (path /5EEE69C6/6026ADF6)
    (attr smd)
    (fp_text reference R59 (at 0 -1.65) (layer F.SilkS)
      (effects (font (size 1 1) (thickness 0.15)))
    )
    (fp_text value R (at 0 1.65) (layer F.Fab)
      (effects (font (size 1 1) (thickness 0.15)))
    )
    (fp_line (start 1.85 0.95) (end -1.85 0.95) (layer F.CrtYd) (width 0.05))
    (fp_line (start 1.85 -0.95) (end 1.85 0.95) (layer F.CrtYd) (width 0.05))
    (fp_line (start -1.85 -0.95) (end 1.85 -0.95) (layer F.CrtYd) (width 0.05))
    (fp_line (start -1.85 0.95) (end -1.85 -0.95) (layer F.CrtYd) (width 0.05))
    (fp_line (start -0.261252 0.71) (end 0.261252 0.71) (layer F.SilkS) (width 0.12))
    (fp_line (start -0.261252 -0.71) (end 0.261252 -0.71) (layer F.SilkS) (width 0.12))
    (fp_line (start 1 0.6) (end -1 0.6) (layer F.Fab) (width 0.1))
    (fp_line (start 1 -0.6) (end 1 0.6) (layer F.Fab) (width 0.1))
    (fp_line (start -1 -0.6) (end 1 -0.6) (layer F.Fab) (width 0.1))
    (fp_line (start -1 0.6) (end -1 -0.6) (layer F.Fab) (width 0.1))
    (fp_text user %R (at 0 0) (layer F.Fab)
      (effects (font (size 0.5 0.5) (thickness 0.08)))
    )
    (pad 1 smd roundrect (at -1.025 0) (size 1.15 1.4) (layers F.Cu F.Paste F.Mask) (roundrect_rratio 0.217391)
      (net 1 +5V))
    (pad 2 smd roundrect (at 1.025 0) (size 1.15 1.4) (layers F.Cu F.Paste F.Mask) (roundrect_rratio 0.217391)
      (net 2 /Spare/X2_DIAG))
    (model ${KISYS3DMOD}/Resistor_SMD.3dshapes/R_0805_2012Metric.wrl
      (at (xyz 0 0 0))
      (scale (xyz 1 1 1))
      (rotate (xyz 0 0 0))
    )
  )

  (module Resistor_SMD:R_0805_2012Metric_Pad1.15x1.40mm_HandSolder (layer F.Cu) (tedit 5B36C52B) (tstamp 5FF248CC)
    (at 154.685001 -68.204999)
    (descr "Resistor SMD 0805 (2012 Metric), square (rectangular) end terminal, IPC_7351 nominal with elongated pad for handsoldering. (Body size source: https://docs.google.com/spreadsheets/d/1BsfQQcO9C6DZCsRaXUlFlo91Tg2WpOkGARC1WS5S8t0/edit?usp=sharing), generated with kicad-footprint-generator")
    (tags "resistor handsolder")
    (path /5EEE69C6/5FF10581)
    (attr smd)
    (fp_text reference R60 (at 0 -1.65) (layer F.SilkS)
      (effects (font (size 1 1) (thickness 0.15)))
    )
    (fp_text value R (at 0 1.65) (layer F.Fab)
      (effects (font (size 1 1) (thickness 0.15)))
    )
    (fp_text user %R (at 0 0) (layer F.Fab)
      (effects (font (size 0.5 0.5) (thickness 0.08)))
    )
    (fp_line (start -1 0.6) (end -1 -0.6) (layer F.Fab) (width 0.1))
    (fp_line (start -1 -0.6) (end 1 -0.6) (layer F.Fab) (width 0.1))
    (fp_line (start 1 -0.6) (end 1 0.6) (layer F.Fab) (width 0.1))
    (fp_line (start 1 0.6) (end -1 0.6) (layer F.Fab) (width 0.1))
    (fp_line (start -0.261252 -0.71) (end 0.261252 -0.71) (layer F.SilkS) (width 0.12))
    (fp_line (start -0.261252 0.71) (end 0.261252 0.71) (layer F.SilkS) (width 0.12))
    (fp_line (start -1.85 0.95) (end -1.85 -0.95) (layer F.CrtYd) (width 0.05))
    (fp_line (start -1.85 -0.95) (end 1.85 -0.95) (layer F.CrtYd) (width 0.05))
    (fp_line (start 1.85 -0.95) (end 1.85 0.95) (layer F.CrtYd) (width 0.05))
    (fp_line (start 1.85 0.95) (end -1.85 0.95) (layer F.CrtYd) (width 0.05))
    (pad 2 smd roundrect (at 1.025 0) (size 1.15 1.4) (layers F.Cu F.Paste F.Mask) (roundrect_rratio 0.217391)
      (net 69 DIAG_0_SPARE))
    (pad 1 smd roundrect (at -1.025 0) (size 1.15 1.4) (layers F.Cu F.Paste F.Mask) (roundrect_rratio 0.217391)
      (net 1 +5V))
    (model ${KISYS3DMOD}/Resistor_SMD.3dshapes/R_0805_2012Metric.wrl
      (at (xyz 0 0 0))
      (scale (xyz 1 1 1))
      (rotate (xyz 0 0 0))
    )
  )

  (module Resistor_SMD:R_0805_2012Metric_Pad1.15x1.40mm_HandSolder (layer F.Cu) (tedit 5B36C52B) (tstamp 5FF248DD)
    (at 164.515001 -76.494999)
    (descr "Resistor SMD 0805 (2012 Metric), square (rectangular) end terminal, IPC_7351 nominal with elongated pad for handsoldering. (Body size source: https://docs.google.com/spreadsheets/d/1BsfQQcO9C6DZCsRaXUlFlo91Tg2WpOkGARC1WS5S8t0/edit?usp=sharing), generated with kicad-footprint-generator")
    (tags "resistor handsolder")
    (path /5EEE69C6/5FF2A4DE)
    (attr smd)
    (fp_text reference R61 (at 0 -1.65) (layer F.SilkS)
      (effects (font (size 1 1) (thickness 0.15)))
    )
    (fp_text value R (at 0 1.65) (layer F.Fab)
      (effects (font (size 1 1) (thickness 0.15)))
    )
    (fp_text user %R (at 0 0) (layer F.Fab)
      (effects (font (size 0.5 0.5) (thickness 0.08)))
    )
    (fp_line (start -1 0.6) (end -1 -0.6) (layer F.Fab) (width 0.1))
    (fp_line (start -1 -0.6) (end 1 -0.6) (layer F.Fab) (width 0.1))
    (fp_line (start 1 -0.6) (end 1 0.6) (layer F.Fab) (width 0.1))
    (fp_line (start 1 0.6) (end -1 0.6) (layer F.Fab) (width 0.1))
    (fp_line (start -0.261252 -0.71) (end 0.261252 -0.71) (layer F.SilkS) (width 0.12))
    (fp_line (start -0.261252 0.71) (end 0.261252 0.71) (layer F.SilkS) (width 0.12))
    (fp_line (start -1.85 0.95) (end -1.85 -0.95) (layer F.CrtYd) (width 0.05))
    (fp_line (start -1.85 -0.95) (end 1.85 -0.95) (layer F.CrtYd) (width 0.05))
    (fp_line (start 1.85 -0.95) (end 1.85 0.95) (layer F.CrtYd) (width 0.05))
    (fp_line (start 1.85 0.95) (end -1.85 0.95) (layer F.CrtYd) (width 0.05))
    (pad 2 smd roundrect (at 1.025 0) (size 1.15 1.4) (layers F.Cu F.Paste F.Mask) (roundrect_rratio 0.217391)
      (net 3 GND))
    (pad 1 smd roundrect (at -1.025 0) (size 1.15 1.4) (layers F.Cu F.Paste F.Mask) (roundrect_rratio 0.217391)
      (net 69 DIAG_0_SPARE))
    (model ${KISYS3DMOD}/Resistor_SMD.3dshapes/R_0805_2012Metric.wrl
      (at (xyz 0 0 0))
      (scale (xyz 1 1 1))
      (rotate (xyz 0 0 0))
    )
  )

  (module Resistor_SMD:R_0805_2012Metric_Pad1.15x1.40mm_HandSolder (layer F.Cu) (tedit 5B36C52B) (tstamp 5FF248EE)
    (at 159.435001 -68.204999)
    (descr "Resistor SMD 0805 (2012 Metric), square (rectangular) end terminal, IPC_7351 nominal with elongated pad for handsoldering. (Body size source: https://docs.google.com/spreadsheets/d/1BsfQQcO9C6DZCsRaXUlFlo91Tg2WpOkGARC1WS5S8t0/edit?usp=sharing), generated with kicad-footprint-generator")
    (tags "resistor handsolder")
    (path /5EEE69C6/5FF2AA63)
    (attr smd)
    (fp_text reference R65 (at 0 -1.65) (layer F.SilkS)
      (effects (font (size 1 1) (thickness 0.15)))
    )
    (fp_text value R (at 0 1.65) (layer F.Fab)
      (effects (font (size 1 1) (thickness 0.15)))
    )
    (fp_text user %R (at 0 0) (layer F.Fab)
      (effects (font (size 0.5 0.5) (thickness 0.08)))
    )
    (fp_line (start -1 0.6) (end -1 -0.6) (layer F.Fab) (width 0.1))
    (fp_line (start -1 -0.6) (end 1 -0.6) (layer F.Fab) (width 0.1))
    (fp_line (start 1 -0.6) (end 1 0.6) (layer F.Fab) (width 0.1))
    (fp_line (start 1 0.6) (end -1 0.6) (layer F.Fab) (width 0.1))
    (fp_line (start -0.261252 -0.71) (end 0.261252 -0.71) (layer F.SilkS) (width 0.12))
    (fp_line (start -0.261252 0.71) (end 0.261252 0.71) (layer F.SilkS) (width 0.12))
    (fp_line (start -1.85 0.95) (end -1.85 -0.95) (layer F.CrtYd) (width 0.05))
    (fp_line (start -1.85 -0.95) (end 1.85 -0.95) (layer F.CrtYd) (width 0.05))
    (fp_line (start 1.85 -0.95) (end 1.85 0.95) (layer F.CrtYd) (width 0.05))
    (fp_line (start 1.85 0.95) (end -1.85 0.95) (layer F.CrtYd) (width 0.05))
    (pad 2 smd roundrect (at 1.025 0) (size 1.15 1.4) (layers F.Cu F.Paste F.Mask) (roundrect_rratio 0.217391)
      (net 4 /Spare/DIAG_1_SPARE))
    (pad 1 smd roundrect (at -1.025 0) (size 1.15 1.4) (layers F.Cu F.Paste F.Mask) (roundrect_rratio 0.217391)
      (net 1 +5V))
    (model ${KISYS3DMOD}/Resistor_SMD.3dshapes/R_0805_2012Metric.wrl
      (at (xyz 0 0 0))
      (scale (xyz 1 1 1))
      (rotate (xyz 0 0 0))
    )
  )

  (module Resistor_SMD:R_0805_2012Metric_Pad1.15x1.40mm_HandSolder (layer F.Cu) (tedit 5B36C52B) (tstamp 5FF248FF)
    (at 164.515001 -73.544999)
    (descr "Resistor SMD 0805 (2012 Metric), square (rectangular) end terminal, IPC_7351 nominal with elongated pad for handsoldering. (Body size source: https://docs.google.com/spreadsheets/d/1BsfQQcO9C6DZCsRaXUlFlo91Tg2WpOkGARC1WS5S8t0/edit?usp=sharing), generated with kicad-footprint-generator")
    (tags "resistor handsolder")
    (path /5EEE69C6/5FF2B066)
    (attr smd)
    (fp_text reference R70 (at 0 -1.65) (layer F.SilkS)
      (effects (font (size 1 1) (thickness 0.15)))
    )
    (fp_text value R (at 0 1.65) (layer F.Fab)
      (effects (font (size 1 1) (thickness 0.15)))
    )
    (fp_line (start 1.85 0.95) (end -1.85 0.95) (layer F.CrtYd) (width 0.05))
    (fp_line (start 1.85 -0.95) (end 1.85 0.95) (layer F.CrtYd) (width 0.05))
    (fp_line (start -1.85 -0.95) (end 1.85 -0.95) (layer F.CrtYd) (width 0.05))
    (fp_line (start -1.85 0.95) (end -1.85 -0.95) (layer F.CrtYd) (width 0.05))
    (fp_line (start -0.261252 0.71) (end 0.261252 0.71) (layer F.SilkS) (width 0.12))
    (fp_line (start -0.261252 -0.71) (end 0.261252 -0.71) (layer F.SilkS) (width 0.12))
    (fp_line (start 1 0.6) (end -1 0.6) (layer F.Fab) (width 0.1))
    (fp_line (start 1 -0.6) (end 1 0.6) (layer F.Fab) (width 0.1))
    (fp_line (start -1 -0.6) (end 1 -0.6) (layer F.Fab) (width 0.1))
    (fp_line (start -1 0.6) (end -1 -0.6) (layer F.Fab) (width 0.1))
    (fp_text user %R (at 0 0) (layer F.Fab)
      (effects (font (size 0.5 0.5) (thickness 0.08)))
    )
    (pad 1 smd roundrect (at -1.025 0) (size 1.15 1.4) (layers F.Cu F.Paste F.Mask) (roundrect_rratio 0.217391)
      (net 4 /Spare/DIAG_1_SPARE))
    (pad 2 smd roundrect (at 1.025 0) (size 1.15 1.4) (layers F.Cu F.Paste F.Mask) (roundrect_rratio 0.217391)
      (net 3 GND))
    (model ${KISYS3DMOD}/Resistor_SMD.3dshapes/R_0805_2012Metric.wrl
      (at (xyz 0 0 0))
      (scale (xyz 1 1 1))
      (rotate (xyz 0 0 0))
    )
  )

  (module Package_QFP:TQFP-100_14x14mm_P0.5mm (layer F.Cu) (tedit 5D9F72B1) (tstamp 5FF257C9)
    (at 214.63 73.66)
    (descr "TQFP, 100 Pin (http://www.microsemi.com/index.php?option=com_docman&task=doc_download&gid=131095), generated with kicad-footprint-generator ipc_gullwing_generator.py")
    (tags "TQFP QFP")
    (path /5EE66603/5EE66806)
    (attr smd)
    (fp_text reference U1 (at 0 -9.35) (layer F.SilkS)
      (effects (font (size 1 1) (thickness 0.15)))
    )
    (fp_text value ATmega2560-16AU (at 0 9.35) (layer F.Fab)
      (effects (font (size 1 1) (thickness 0.15)))
    )
    (fp_line (start 8.65 6.4) (end 8.65 0) (layer F.CrtYd) (width 0.05))
    (fp_line (start 7.25 6.4) (end 8.65 6.4) (layer F.CrtYd) (width 0.05))
    (fp_line (start 7.25 7.25) (end 7.25 6.4) (layer F.CrtYd) (width 0.05))
    (fp_line (start 6.4 7.25) (end 7.25 7.25) (layer F.CrtYd) (width 0.05))
    (fp_line (start 6.4 8.65) (end 6.4 7.25) (layer F.CrtYd) (width 0.05))
    (fp_line (start 0 8.65) (end 6.4 8.65) (layer F.CrtYd) (width 0.05))
    (fp_line (start -8.65 6.4) (end -8.65 0) (layer F.CrtYd) (width 0.05))
    (fp_line (start -7.25 6.4) (end -8.65 6.4) (layer F.CrtYd) (width 0.05))
    (fp_line (start -7.25 7.25) (end -7.25 6.4) (layer F.CrtYd) (width 0.05))
    (fp_line (start -6.4 7.25) (end -7.25 7.25) (layer F.CrtYd) (width 0.05))
    (fp_line (start -6.4 8.65) (end -6.4 7.25) (layer F.CrtYd) (width 0.05))
    (fp_line (start 0 8.65) (end -6.4 8.65) (layer F.CrtYd) (width 0.05))
    (fp_line (start 8.65 -6.4) (end 8.65 0) (layer F.CrtYd) (width 0.05))
    (fp_line (start 7.25 -6.4) (end 8.65 -6.4) (layer F.CrtYd) (width 0.05))
    (fp_line (start 7.25 -7.25) (end 7.25 -6.4) (layer F.CrtYd) (width 0.05))
    (fp_line (start 6.4 -7.25) (end 7.25 -7.25) (layer F.CrtYd) (width 0.05))
    (fp_line (start 6.4 -8.65) (end 6.4 -7.25) (layer F.CrtYd) (width 0.05))
    (fp_line (start 0 -8.65) (end 6.4 -8.65) (layer F.CrtYd) (width 0.05))
    (fp_line (start -8.65 -6.4) (end -8.65 0) (layer F.CrtYd) (width 0.05))
    (fp_line (start -7.25 -6.4) (end -8.65 -6.4) (layer F.CrtYd) (width 0.05))
    (fp_line (start -7.25 -7.25) (end -7.25 -6.4) (layer F.CrtYd) (width 0.05))
    (fp_line (start -6.4 -7.25) (end -7.25 -7.25) (layer F.CrtYd) (width 0.05))
    (fp_line (start -6.4 -8.65) (end -6.4 -7.25) (layer F.CrtYd) (width 0.05))
    (fp_line (start 0 -8.65) (end -6.4 -8.65) (layer F.CrtYd) (width 0.05))
    (fp_line (start -7 -6) (end -6 -7) (layer F.Fab) (width 0.1))
    (fp_line (start -7 7) (end -7 -6) (layer F.Fab) (width 0.1))
    (fp_line (start 7 7) (end -7 7) (layer F.Fab) (width 0.1))
    (fp_line (start 7 -7) (end 7 7) (layer F.Fab) (width 0.1))
    (fp_line (start -6 -7) (end 7 -7) (layer F.Fab) (width 0.1))
    (fp_line (start -7.11 -6.41) (end -8.4 -6.41) (layer F.SilkS) (width 0.12))
    (fp_line (start -7.11 -7.11) (end -7.11 -6.41) (layer F.SilkS) (width 0.12))
    (fp_line (start -6.41 -7.11) (end -7.11 -7.11) (layer F.SilkS) (width 0.12))
    (fp_line (start 7.11 -7.11) (end 7.11 -6.41) (layer F.SilkS) (width 0.12))
    (fp_line (start 6.41 -7.11) (end 7.11 -7.11) (layer F.SilkS) (width 0.12))
    (fp_line (start -7.11 7.11) (end -7.11 6.41) (layer F.SilkS) (width 0.12))
    (fp_line (start -6.41 7.11) (end -7.11 7.11) (layer F.SilkS) (width 0.12))
    (fp_line (start 7.11 7.11) (end 7.11 6.41) (layer F.SilkS) (width 0.12))
    (fp_line (start 6.41 7.11) (end 7.11 7.11) (layer F.SilkS) (width 0.12))
    (fp_text user %R (at 0 0) (layer F.Fab)
      (effects (font (size 1 1) (thickness 0.15)))
    )
    (pad 1 smd roundrect (at -7.6625 -6) (size 1.475 0.3) (layers F.Cu F.Paste F.Mask) (roundrect_rratio 0.25))
    (pad 2 smd roundrect (at -7.6625 -5.5) (size 1.475 0.3) (layers F.Cu F.Paste F.Mask) (roundrect_rratio 0.25))
    (pad 3 smd roundrect (at -7.6625 -5) (size 1.475 0.3) (layers F.Cu F.Paste F.Mask) (roundrect_rratio 0.25))
    (pad 4 smd roundrect (at -7.6625 -4.5) (size 1.475 0.3) (layers F.Cu F.Paste F.Mask) (roundrect_rratio 0.25))
    (pad 5 smd roundrect (at -7.6625 -4) (size 1.475 0.3) (layers F.Cu F.Paste F.Mask) (roundrect_rratio 0.25))
    (pad 6 smd roundrect (at -7.6625 -3.5) (size 1.475 0.3) (layers F.Cu F.Paste F.Mask) (roundrect_rratio 0.25))
    (pad 7 smd roundrect (at -7.6625 -3) (size 1.475 0.3) (layers F.Cu F.Paste F.Mask) (roundrect_rratio 0.25))
    (pad 8 smd roundrect (at -7.6625 -2.5) (size 1.475 0.3) (layers F.Cu F.Paste F.Mask) (roundrect_rratio 0.25))
    (pad 9 smd roundrect (at -7.6625 -2) (size 1.475 0.3) (layers F.Cu F.Paste F.Mask) (roundrect_rratio 0.25))
    (pad 10 smd roundrect (at -7.6625 -1.5) (size 1.475 0.3) (layers F.Cu F.Paste F.Mask) (roundrect_rratio 0.25)
      (net 5 "Net-(U1-Pad10)"))
    (pad 11 smd roundrect (at -7.6625 -1) (size 1.475 0.3) (layers F.Cu F.Paste F.Mask) (roundrect_rratio 0.25)
      (net 6 "Net-(U1-Pad11)"))
    (pad 12 smd roundrect (at -7.6625 -0.5) (size 1.475 0.3) (layers F.Cu F.Paste F.Mask) (roundrect_rratio 0.25))
    (pad 13 smd roundrect (at -7.6625 0) (size 1.475 0.3) (layers F.Cu F.Paste F.Mask) (roundrect_rratio 0.25))
    (pad 14 smd roundrect (at -7.6625 0.5) (size 1.475 0.3) (layers F.Cu F.Paste F.Mask) (roundrect_rratio 0.25))
    (pad 15 smd roundrect (at -7.6625 1) (size 1.475 0.3) (layers F.Cu F.Paste F.Mask) (roundrect_rratio 0.25))
    (pad 16 smd roundrect (at -7.6625 1.5) (size 1.475 0.3) (layers F.Cu F.Paste F.Mask) (roundrect_rratio 0.25))
    (pad 17 smd roundrect (at -7.6625 2) (size 1.475 0.3) (layers F.Cu F.Paste F.Mask) (roundrect_rratio 0.25))
    (pad 18 smd roundrect (at -7.6625 2.5) (size 1.475 0.3) (layers F.Cu F.Paste F.Mask) (roundrect_rratio 0.25))
    (pad 19 smd roundrect (at -7.6625 3) (size 1.475 0.3) (layers F.Cu F.Paste F.Mask) (roundrect_rratio 0.25))
    (pad 20 smd roundrect (at -7.6625 3.5) (size 1.475 0.3) (layers F.Cu F.Paste F.Mask) (roundrect_rratio 0.25))
    (pad 21 smd roundrect (at -7.6625 4) (size 1.475 0.3) (layers F.Cu F.Paste F.Mask) (roundrect_rratio 0.25))
    (pad 22 smd roundrect (at -7.6625 4.5) (size 1.475 0.3) (layers F.Cu F.Paste F.Mask) (roundrect_rratio 0.25))
    (pad 23 smd roundrect (at -7.6625 5) (size 1.475 0.3) (layers F.Cu F.Paste F.Mask) (roundrect_rratio 0.25))
    (pad 24 smd roundrect (at -7.6625 5.5) (size 1.475 0.3) (layers F.Cu F.Paste F.Mask) (roundrect_rratio 0.25))
    (pad 25 smd roundrect (at -7.6625 6) (size 1.475 0.3) (layers F.Cu F.Paste F.Mask) (roundrect_rratio 0.25))
    (pad 26 smd roundrect (at -6 7.6625) (size 0.3 1.475) (layers F.Cu F.Paste F.Mask) (roundrect_rratio 0.25))
    (pad 27 smd roundrect (at -5.5 7.6625) (size 0.3 1.475) (layers F.Cu F.Paste F.Mask) (roundrect_rratio 0.25))
    (pad 28 smd roundrect (at -5 7.6625) (size 0.3 1.475) (layers F.Cu F.Paste F.Mask) (roundrect_rratio 0.25))
    (pad 29 smd roundrect (at -4.5 7.6625) (size 0.3 1.475) (layers F.Cu F.Paste F.Mask) (roundrect_rratio 0.25))
    (pad 30 smd roundrect (at -4 7.6625) (size 0.3 1.475) (layers F.Cu F.Paste F.Mask) (roundrect_rratio 0.25))
    (pad 31 smd roundrect (at -3.5 7.6625) (size 0.3 1.475) (layers F.Cu F.Paste F.Mask) (roundrect_rratio 0.25)
      (net 5 "Net-(U1-Pad10)"))
    (pad 32 smd roundrect (at -3 7.6625) (size 0.3 1.475) (layers F.Cu F.Paste F.Mask) (roundrect_rratio 0.25)
      (net 6 "Net-(U1-Pad11)"))
    (pad 33 smd roundrect (at -2.5 7.6625) (size 0.3 1.475) (layers F.Cu F.Paste F.Mask) (roundrect_rratio 0.25))
    (pad 34 smd roundrect (at -2 7.6625) (size 0.3 1.475) (layers F.Cu F.Paste F.Mask) (roundrect_rratio 0.25))
    (pad 35 smd roundrect (at -1.5 7.6625) (size 0.3 1.475) (layers F.Cu F.Paste F.Mask) (roundrect_rratio 0.25))
    (pad 36 smd roundrect (at -1 7.6625) (size 0.3 1.475) (layers F.Cu F.Paste F.Mask) (roundrect_rratio 0.25))
    (pad 37 smd roundrect (at -0.5 7.6625) (size 0.3 1.475) (layers F.Cu F.Paste F.Mask) (roundrect_rratio 0.25))
    (pad 38 smd roundrect (at 0 7.6625) (size 0.3 1.475) (layers F.Cu F.Paste F.Mask) (roundrect_rratio 0.25))
    (pad 39 smd roundrect (at 0.5 7.6625) (size 0.3 1.475) (layers F.Cu F.Paste F.Mask) (roundrect_rratio 0.25))
    (pad 40 smd roundrect (at 1 7.6625) (size 0.3 1.475) (layers F.Cu F.Paste F.Mask) (roundrect_rratio 0.25))
    (pad 41 smd roundrect (at 1.5 7.6625) (size 0.3 1.475) (layers F.Cu F.Paste F.Mask) (roundrect_rratio 0.25))
    (pad 42 smd roundrect (at 2 7.6625) (size 0.3 1.475) (layers F.Cu F.Paste F.Mask) (roundrect_rratio 0.25))
    (pad 43 smd roundrect (at 2.5 7.6625) (size 0.3 1.475) (layers F.Cu F.Paste F.Mask) (roundrect_rratio 0.25)
      (net 109 /Drivers/X_0))
    (pad 44 smd roundrect (at 3 7.6625) (size 0.3 1.475) (layers F.Cu F.Paste F.Mask) (roundrect_rratio 0.25)
      (net 110 /Drivers/STEP_X))
    (pad 45 smd roundrect (at 3.5 7.6625) (size 0.3 1.475) (layers F.Cu F.Paste F.Mask) (roundrect_rratio 0.25)
      (net 108 /Drivers/DIR_Y))
    (pad 46 smd roundrect (at 4 7.6625) (size 0.3 1.475) (layers F.Cu F.Paste F.Mask) (roundrect_rratio 0.25)
      (net 111 /Drivers/EN_X))
    (pad 47 smd roundrect (at 4.5 7.6625) (size 0.3 1.475) (layers F.Cu F.Paste F.Mask) (roundrect_rratio 0.25)
      (net 106 /Drivers/X_4))
    (pad 48 smd roundrect (at 5 7.6625) (size 0.3 1.475) (layers F.Cu F.Paste F.Mask) (roundrect_rratio 0.25))
    (pad 49 smd roundrect (at 5.5 7.6625) (size 0.3 1.475) (layers F.Cu F.Paste F.Mask) (roundrect_rratio 0.25))
    (pad 50 smd roundrect (at 6 7.6625) (size 0.3 1.475) (layers F.Cu F.Paste F.Mask) (roundrect_rratio 0.25))
    (pad 51 smd roundrect (at 7.6625 6) (size 1.475 0.3) (layers F.Cu F.Paste F.Mask) (roundrect_rratio 0.25))
    (pad 52 smd roundrect (at 7.6625 5.5) (size 1.475 0.3) (layers F.Cu F.Paste F.Mask) (roundrect_rratio 0.25))
    (pad 53 smd roundrect (at 7.6625 5) (size 1.475 0.3) (layers F.Cu F.Paste F.Mask) (roundrect_rratio 0.25))
    (pad 54 smd roundrect (at 7.6625 4.5) (size 1.475 0.3) (layers F.Cu F.Paste F.Mask) (roundrect_rratio 0.25))
    (pad 55 smd roundrect (at 7.6625 4) (size 1.475 0.3) (layers F.Cu F.Paste F.Mask) (roundrect_rratio 0.25))
    (pad 56 smd roundrect (at 7.6625 3.5) (size 1.475 0.3) (layers F.Cu F.Paste F.Mask) (roundrect_rratio 0.25))
    (pad 57 smd roundrect (at 7.6625 3) (size 1.475 0.3) (layers F.Cu F.Paste F.Mask) (roundrect_rratio 0.25))
    (pad 58 smd roundrect (at 7.6625 2.5) (size 1.475 0.3) (layers F.Cu F.Paste F.Mask) (roundrect_rratio 0.25))
    (pad 59 smd roundrect (at 7.6625 2) (size 1.475 0.3) (layers F.Cu F.Paste F.Mask) (roundrect_rratio 0.25))
    (pad 60 smd roundrect (at 7.6625 1.5) (size 1.475 0.3) (layers F.Cu F.Paste F.Mask) (roundrect_rratio 0.25))
    (pad 61 smd roundrect (at 7.6625 1) (size 1.475 0.3) (layers F.Cu F.Paste F.Mask) (roundrect_rratio 0.25)
      (net 5 "Net-(U1-Pad10)"))
    (pad 62 smd roundrect (at 7.6625 0.5) (size 1.475 0.3) (layers F.Cu F.Paste F.Mask) (roundrect_rratio 0.25)
      (net 6 "Net-(U1-Pad11)"))
    (pad 63 smd roundrect (at 7.6625 0) (size 1.475 0.3) (layers F.Cu F.Paste F.Mask) (roundrect_rratio 0.25))
    (pad 64 smd roundrect (at 7.6625 -0.5) (size 1.475 0.3) (layers F.Cu F.Paste F.Mask) (roundrect_rratio 0.25))
    (pad 65 smd roundrect (at 7.6625 -1) (size 1.475 0.3) (layers F.Cu F.Paste F.Mask) (roundrect_rratio 0.25))
    (pad 66 smd roundrect (at 7.6625 -1.5) (size 1.475 0.3) (layers F.Cu F.Paste F.Mask) (roundrect_rratio 0.25))
    (pad 67 smd roundrect (at 7.6625 -2) (size 1.475 0.3) (layers F.Cu F.Paste F.Mask) (roundrect_rratio 0.25))
    (pad 68 smd roundrect (at 7.6625 -2.5) (size 1.475 0.3) (layers F.Cu F.Paste F.Mask) (roundrect_rratio 0.25))
    (pad 69 smd roundrect (at 7.6625 -3) (size 1.475 0.3) (layers F.Cu F.Paste F.Mask) (roundrect_rratio 0.25))
    (pad 70 smd roundrect (at 7.6625 -3.5) (size 1.475 0.3) (layers F.Cu F.Paste F.Mask) (roundrect_rratio 0.25))
    (pad 71 smd roundrect (at 7.6625 -4) (size 1.475 0.3) (layers F.Cu F.Paste F.Mask) (roundrect_rratio 0.25))
    (pad 72 smd roundrect (at 7.6625 -4.5) (size 1.475 0.3) (layers F.Cu F.Paste F.Mask) (roundrect_rratio 0.25))
    (pad 73 smd roundrect (at 7.6625 -5) (size 1.475 0.3) (layers F.Cu F.Paste F.Mask) (roundrect_rratio 0.25))
    (pad 74 smd roundrect (at 7.6625 -5.5) (size 1.475 0.3) (layers F.Cu F.Paste F.Mask) (roundrect_rratio 0.25))
    (pad 75 smd roundrect (at 7.6625 -6) (size 1.475 0.3) (layers F.Cu F.Paste F.Mask) (roundrect_rratio 0.25))
    (pad 76 smd roundrect (at 6 -7.6625) (size 0.3 1.475) (layers F.Cu F.Paste F.Mask) (roundrect_rratio 0.25))
    (pad 77 smd roundrect (at 5.5 -7.6625) (size 0.3 1.475) (layers F.Cu F.Paste F.Mask) (roundrect_rratio 0.25))
    (pad 78 smd roundrect (at 5 -7.6625) (size 0.3 1.475) (layers F.Cu F.Paste F.Mask) (roundrect_rratio 0.25))
    (pad 79 smd roundrect (at 4.5 -7.6625) (size 0.3 1.475) (layers F.Cu F.Paste F.Mask) (roundrect_rratio 0.25))
    (pad 80 smd roundrect (at 4 -7.6625) (size 0.3 1.475) (layers F.Cu F.Paste F.Mask) (roundrect_rratio 0.25)
      (net 5 "Net-(U1-Pad10)"))
    (pad 81 smd roundrect (at 3.5 -7.6625) (size 0.3 1.475) (layers F.Cu F.Paste F.Mask) (roundrect_rratio 0.25)
      (net 6 "Net-(U1-Pad11)"))
    (pad 82 smd roundrect (at 3 -7.6625) (size 0.3 1.475) (layers F.Cu F.Paste F.Mask) (roundrect_rratio 0.25))
    (pad 83 smd roundrect (at 2.5 -7.6625) (size 0.3 1.475) (layers F.Cu F.Paste F.Mask) (roundrect_rratio 0.25))
    (pad 84 smd roundrect (at 2 -7.6625) (size 0.3 1.475) (layers F.Cu F.Paste F.Mask) (roundrect_rratio 0.25))
    (pad 85 smd roundrect (at 1.5 -7.6625) (size 0.3 1.475) (layers F.Cu F.Paste F.Mask) (roundrect_rratio 0.25))
    (pad 86 smd roundrect (at 1 -7.6625) (size 0.3 1.475) (layers F.Cu F.Paste F.Mask) (roundrect_rratio 0.25))
    (pad 87 smd roundrect (at 0.5 -7.6625) (size 0.3 1.475) (layers F.Cu F.Paste F.Mask) (roundrect_rratio 0.25))
    (pad 88 smd roundrect (at 0 -7.6625) (size 0.3 1.475) (layers F.Cu F.Paste F.Mask) (roundrect_rratio 0.25))
    (pad 89 smd roundrect (at -0.5 -7.6625) (size 0.3 1.475) (layers F.Cu F.Paste F.Mask) (roundrect_rratio 0.25))
    (pad 90 smd roundrect (at -1 -7.6625) (size 0.3 1.475) (layers F.Cu F.Paste F.Mask) (roundrect_rratio 0.25))
    (pad 91 smd roundrect (at -1.5 -7.6625) (size 0.3 1.475) (layers F.Cu F.Paste F.Mask) (roundrect_rratio 0.25))
    (pad 92 smd roundrect (at -2 -7.6625) (size 0.3 1.475) (layers F.Cu F.Paste F.Mask) (roundrect_rratio 0.25))
    (pad 93 smd roundrect (at -2.5 -7.6625) (size 0.3 1.475) (layers F.Cu F.Paste F.Mask) (roundrect_rratio 0.25))
    (pad 94 smd roundrect (at -3 -7.6625) (size 0.3 1.475) (layers F.Cu F.Paste F.Mask) (roundrect_rratio 0.25))
    (pad 95 smd roundrect (at -3.5 -7.6625) (size 0.3 1.475) (layers F.Cu F.Paste F.Mask) (roundrect_rratio 0.25))
    (pad 96 smd roundrect (at -4 -7.6625) (size 0.3 1.475) (layers F.Cu F.Paste F.Mask) (roundrect_rratio 0.25))
    (pad 97 smd roundrect (at -4.5 -7.6625) (size 0.3 1.475) (layers F.Cu F.Paste F.Mask) (roundrect_rratio 0.25))
    (pad 98 smd roundrect (at -5 -7.6625) (size 0.3 1.475) (layers F.Cu F.Paste F.Mask) (roundrect_rratio 0.25))
